      1 28
      1 77
      2 75
      4 84
      4 86
      4 88
      5 26
     12 83
     13 81
     14 79
     16 37
     20 31
     20 34
     25 42
     28 44
     29 73
     30 36
     32 39
     32 61
     40 49
     43 40
     53 63
     56 68
     57 35
     57 78
     67 76
     68 46
     74 45
     87 33
    119 66
    124 70
    127 64
    132 41
    133 47
    138 51
    140 38
    181 58
    208 54
    216 56
    235 52
    246 65
    259 71
    267 72
    275 74
    302 43
    350 59
    370 53
    402 50
    436 48
    440 62
    477 67
    550 60
    576 57
    589 69
    953 55
