      2 85
      2 87
     13 80
     14 34
     22 88
     24 89
     26 36
     32 41
     36 35
     39 39
     44 37
     52 33
     56 82
     58 83
     60 86
     72 75
     79 42
     80 44
    101 78
    109 73
    114 49
    115 84
    118 68
    139 46
    140 38
    151 81
    176 51
    205 56
    209 43
    218 77
    224 61
    224 63
    235 79
    247 40
    253 47
    317 53
    363 76
    382 45
    419 70
    460 58
    461 48
    468 54
    476 71
    594 74
    595 72
    620 66
    636 65
    647 52
    660 59
    708 50
    964 55
   1027 64
   1054 69
   1062 60
   1120 57
   1293 67
   1849 62
